100 182
182 266
266 259
259 258
258 3
3 224
224 225
225 305
305 304
304 263
263 229
229 227
227 228
228 233
233 116
116 92
92 93
93 364
331 264
264 215
215 216
216 2
2 3
3 260
260 87
87 85
85 86
86 189
189 190
190 207
207 208
208 98
98 96
96 97
97 111
111 113
113 150
150 217
217 218
218 219
3 338
338 261
261 196
196 254
254 255
111 112
112 149
149 220
220 251
251 10
10 36
36 337
337 333
333 57
57 103
103 355
84 103
82 84
82 83
83 193
193 194
194 356
194 318
318 17
17 18
18 309
103 327
327 317
317 153
153 128
128 129
129 255
207 209
209 138
138 139
139 226
226 62
62 64
64 284
284 285
285 288
288 363
363 40
